0.01	4.4604685305016786e-49
0.02	1.2353016769544009e-40
0.03	5.481947824620742e-40
0.04	1.4597931683484119e-39
0.05	3.257177974749808e-39
0.06	6.726767410694889e-39
0.07	1.3386632287625518e-38
0.08	2.615070867428383e-38
0.09	5.060375399758641e-38
0.1	9.74448876061705e-38
0.11	1.8716885632130265e-37
0.12	3.5903325403438532e-37
0.13	6.882351898938901e-37
0.14	1.3188128409696162e-36
0.15	2.52666755140811e-36
0.16	4.840281007712669e-36
0.17	9.271945777252195e-36
0.18	1.7760681234128726e-35
0.19	3.402062718473585e-35
0.2	6.516611919101934e-35
0.21	1.2482447693218937e-34
0.22	2.3909846714021577e-34
0.23	4.579872420394458e-34
0.24	8.772628417668612e-34
0.25	1.6803740502304462e-33
0.26	3.218712111358711e-33
0.27	6.165357563922345e-33
0.28	1.1809578195607013e-32
0.29	2.2620932005221804e-32
0.3	4.3329791354298826e-32
0.31	8.299705810849082e-32
0.32	1.5897864768930549e-31
0.33	3.0451935234644125e-31
0.34	5.832986833522338e-31
0.35	1.1172930430684795e-30
0.36	2.140144971079026e-30
0.37	4.0993905091608155e-30
0.38	7.852272987428803e-30
0.39	1.504081909966343e-29
0.4	2.8810287103780765e-29
0.41	5.518533515330528e-29
0.42	1.0570603496587006e-28
0.43	2.0247708557244124e-28
0.44	3.878394473418346e-28
0.45	7.42896098534111e-28
0.46	1.422997626980915e-27
0.47	2.725713932794314e-27
0.48	5.2210322087403006e-27
0.49	1.000074769282817e-26
0.5	1.9156164991316248e-26
0.51	3.669312219902141e-26
0.52	7.028469515284734e-26
0.53	1.3462845559815595e-25
0.54	2.578772095024211e-25
0.55	4.939569044693581e-25
0.56	9.461612522632003e-25
0.57	1.8123465978190428e-24
0.58	3.471501483250931e-24
0.59	6.649568334619791e-24
0.6	1.273707047227613e-23
0.61	2.439751816235822e-23
0.62	4.6732794152172835e-23
0.63	8.951541852477763e-23
0.64	1.7146439238308495e-22
0.65	3.284354621786488e-22
0.66	6.291093521942465e-22
0.67	1.2050421546836044e-21
0.68	2.3082260492546914e-21
0.69	4.421345322858698e-21
0.7	8.468968830100708e-21
0.71	1.622208350802224e-20
0.72	3.107296751476152e-20
0.73	5.951943902248718e-20
0.74	1.140078951219783e-19
0.75	2.183790768799631e-19
0.76	4.1829928679870276e-19
0.77	8.012411071436202e-19
0.78	1.5347559320264308e-18
0.79	2.939783979990065e-18
0.8	5.631077664313204e-18
0.81	1.0786178806795936e-17
0.82	2.066063730384785e-17
0.83	3.957489871502972e-17
0.84	7.580466106982946e-17
0.85	1.4520180282178146e-16
0.86	2.7813017359544446e-16
0.87	5.327509160418495e-16
0.88	1.0204701448763579e-15
0.89	1.954683296128152e-15
0.9	3.744143625706317e-15
0.91	7.171807073649932e-15
0.92	1.3737404822965956e-14
0.93	2.631363188273905e-14
0.94	5.040305878609231e-14
0.95	9.654571236366454e-14
0.96	1.8493073238601559e-13
0.97	3.542298766413082e-13
0.98	6.785178638853706e-13
0.99	1.2996828386605907e-12
1.0	2.4895077506673016e-12
1.01	4.768585578170482e-12
1.02	9.134098261088087e-12
1.03	1.7496121161198047e-11
1.04	3.3513352597857504e-11
1.05	6.419393144345458e-11
1.06	1.2296176045455957e-10
1.07	2.355299666823278e-10
1.08	4.5115135795310073e-10
1.09	8.641683716511926e-10
1.1	1.655291425809929e-9
1.11	3.170666497692442e-9
1.12	6.073326957922405e-9
1.13	1.163329551205449e-8
1.14	2.228326671829352e-8
1.15	4.2683002002664315e-8
1.16	8.175814987053948e-8
1.17	1.566055515457031e-7
1.18	2.9997374957442926e-7
1.19	5.745917021816547e-7
1.2	1.10061505276512e-6
1.21	2.10819872576267e-6
1.22	4.038198329326174e-6
1.23	7.735061001459148e-6
1.24	1.4816302671859557e-5
1.25	2.8380231884757177e-5
1.26	5.4361575871580074e-5
1.27	0.00010412814607158877
1.28	0.00019945468155522359
1.29	0.00038205011320325584
1.3	0.0007318067836788658
1.31	0.001401756340675369
1.32	0.0026850268164306263
1.33	0.005143097124481774
1.34	0.00985146512131162
1.35	0.01887021821432128
1.36	0.03614539878802246
1.37	0.0692355455939367
1.38	0.13261883765074226
1.39	0.2540278400199995
1.4	0.4865835400787446
1.41	0.9320377697850871
1.42	1.7852934445036444
1.43	3.4196818909201725
1.44	6.550309290100288
1.45	12.546942424644298
1.46	24.033332967232862
1.47	46.03520714173172
1.48	88.17920924540627
1.49	168.90491921120193
1.5	323.5328597055759
1.51	619.718548151828
1.52	1187.0543204573007
1.53	2273.770833418918
1.54	4355.347277549065
1.55	8342.551337740382
1.56	15979.934179209613
1.57	30609.136945513423
1.58	58630.983960381745
1.59	112306.08318952983
1.6	215119.30159480605
1.61	412055.2743393281
1.62	789280.8681141536
1.63	1.5118464137362794e6
1.64	2.8959014098345935e6
1.65	5.547021773697741e6
1.66	1.062517199424766e7
1.67	2.0352233056422185e7
1.68	3.8984158619472146e7
1.69	7.467311420102865e7
1.7	1.4303435502888295e8
1.71	2.7397848526112103e8
1.72	5.247984679682066e8
1.73	1.0052374430761894e9
1.74	1.9255054628390672e9
1.75	3.6882542656562037e9
1.76	7.064752497805887e9
1.77	1.3532344643374134e10
1.78	2.5920844587822414e10
1.79	4.9650685217732864e10
1.8	9.51045608964663e10
1.81	1.8217024525734598e11
1.82	3.489422373049879e11
1.83	6.683895320193785e11
1.84	1.280282289594482e12
1.85	2.4523465173033496e12
1.86	4.697404228585083e12
1.87	8.997752287909584e12
1.88	1.7234954092467773e13
1.89	3.3013094057325746e13
1.9	6.32356995657864e13
1.91	1.2112629296709475e14
1.92	2.3201417724663338e14
1.93	4.444169608468818e14
1.94	8.512687880700069e14
1.95	1.630582803018571e15
1.96	3.123336469231421e15
1.97	5.982677001432001e15
1.98	1.1459590399316294e16
1.99	2.1951022058751348e16
2.0	4.204314457483696e16
2.01	8.05571950122911e16
2.02	1.540217391763496e17
2.03	2.917334942756795e17
2.04	5.444786674481212e17
2.05	9.992643828202444e17
2.06	1.801783684046869e18
2.07	3.1913283551446943e18
2.08	5.553244469705863e18
2.09	9.496405546018441e18
2.1	1.5965122029124854e19
2.11	2.6397558797045928e19
2.12	4.294541128636169e19
2.13	6.877240223121371e19
2.14	1.084517150035224e20
2.15	1.6848449416083826e20
2.16	2.5796256617430224e20
2.17	3.893980896001098e20
2.18	5.797404125117765e20
2.19	8.515954997266465e20
2.2	1.2346554701607498e21
2.21	1.767334777915465e21
2.22	2.4985953146224147e21
2.23	3.4899254177360553e21
2.24	4.817417978513153e21
2.25	6.573871444730161e21
2.26	8.870815743164383e21
2.27	1.1840344545917902e22
2.28	1.5636617636994638e22
2.29	2.0436884273104803e22
2.3	2.6441872210097525e22
2.31	3.38753891177884e22
2.32	4.298299469754092e22
2.33	5.4029623692125715e22
2.34	6.729607222982169e22
2.35	8.307430193507434e22
2.36	1.0166156656527737e23
2.37	1.2335342246788773e23
2.38	1.484357441321985e23
2.39	1.771759262956029e23
2.4	2.0981351093877824e23
2.41	2.465505275097078e23
2.42	2.8754187450087155e23
2.43	3.328860971632331e23
2.44	3.826169274341429e23
2.45	4.366959466781509e23
2.46	4.9500670913285e23
2.47	5.573506245550479e23
2.48	6.234448439880906e23
2.49	6.929223252152607e23
2.5	7.653341774582934e23
2.51	8.401543018952641e23
2.52	9.167862595921612e23
2.53	9.945722155227152e23
2.54	1.0728037303805996e24
2.55	1.1507341043713703e24
2.56	1.2275919220430252e24
2.57	1.3025954066970442e24
2.58	1.3749671684369725e24
2.59	1.4439489220390514e24
2.6	1.5088157593219195e24
2.61	1.568889584535978e24
2.62	1.623551358806755e24
2.63	1.6722518486327036e24
2.64	1.714520631251327e24
2.65	1.7499731735145793e24
2.66	1.7783158678500308e24
2.67	1.7993489760986526e24
2.68	1.812967496888572e24
2.69	1.8191600324129468e24
2.7	1.8180057841060153e24
2.71	1.8096698522732783e24
2.72	1.7943970512145679e24
2.73	1.7725044782317456e24
2.74	1.7443730920253868e24
2.75	1.7104385636440968e24
2.76	1.6711816619842392e24
2.77	1.627118426750513e24
2.78	1.5787903658878118e24
2.79	1.526754893025326e24
2.8	1.4715761947446938e24
2.81	1.4138166888097106e24
2.82	1.3540292041412803e24
2.83	1.2927499824603668e24
2.84	1.2304925711988465e24
2.85	1.1677426483875132e24
2.86	1.1049537935012377e24
2.87	1.0425441942324545e24
2.88	9.808942582676411e23
2.89	9.203450815909362e23
2.9	8.611977107244024e23
2.91	8.037131255994495e23
2.92	7.481128622963117e23
2.93	6.945801904609346e23
2.94	6.432617585198455e23
2.95	5.942696205282881e23
2.96	5.476835612443009e23
2.97	5.035536404516873e23
2.98	4.619028832929772e23
2.99	4.22730050071009e23
3.0	3.860124263114368e23
3.01	3.517085815569347e23
3.02	3.1976105313182465e23
3.03	2.9009891875629983e23
3.04	2.6264022922414748e23
3.05	2.372942792465227e23
3.06	2.1396370090230664e23
3.07	1.9254636985114056e23
3.08	1.7293711951596753e23
3.09	1.550292628109101e23
3.1	1.3871592468216773e23
3.11	1.2389119176645887e23
3.12	1.1045108788924477e23
3.13	9.829438596965907e22
3.14	8.73232682238498e22
3.15	7.744384742065536e22
3.16	6.8566562402315906e22
3.17	6.060646119719032e22
3.18	5.348338487830637e22
3.19	4.712206491504649e22
3.2	4.145214617540269e22
3.21	3.6408147008462686e22
3.22	3.192936701159208e22
3.23	2.795975219952994e22
3.24	2.444772637362364e22
3.25	2.1345996564108333e22
3.26	1.861133950748588e22
3.27	1.6204375241223102e22
3.28	1.408933306185868e22
3.29	1.2233814309451684e22
3.3	1.060855571740617e22
3.31	9.187196405798001e21
3.32	7.946051000004493e21
3.33	6.863890824534577e21
3.34	5.921734652917864e21
3.35	5.102650085696052e21
3.36	4.3915662765310864e21
3.37	3.775098427207299e21
3.38	3.24138422151732e21
3.39	2.7799321611669057e21
3.4	2.381481599361115e21
3.41	2.0378741351717163e21
3.42	1.7419359298269146e21
3.43	1.4873704306332318e21
3.44	1.2686609355340613e21
3.45	1.080982397832249e21
3.46	9.201218531756675e20
3.47	7.824068466687335e20
3.48	6.646412443909359e20
3.49	5.6404782844462144e20
3.5	4.782170959784616e20
3.51	4.050617087717367e20
3.52	3.427760694993408e20
3.53	2.8980053253695183e20
3.54	2.4478979012306072e20
3.55	2.065850080638992e20
3.56	1.7418931830271253e20
3.57	1.4674630806913286e20
3.58	1.2352117659002202e20
3.59	1.038842601943187e20
3.6	8.729665488114282e19
3.61	7.329769191400992e19
3.62	6.149404668433259e19
3.63	5.155028393156077e19
3.64	4.318066342995655e19
3.65	3.6142049496828527e19
3.66	3.022778520970675e19
3.67	2.52624081219634e19
3.68	2.1097098630194643e19
3.69	1.7605765071440554e19
3.7	1.4681681216601383e19
3.71	1.223460218151305e19
3.72	1.0188294001025407e19
3.73	8.478420303097188e18
3.74	7.050736774280193e18
3.75	5.859550514969947e18
3.76	4.866407026923543e18
3.77	4.038972535463162e18
3.78	3.350083697246748e18
3.79	2.7769405483370383e18
3.8	2.3004218675968937e18
3.81	1.9045050226706977e18
3.82	1.5757748801632077e18
3.83	1.303008543288691e18
3.84	1.0768245697622642e18
3.85	8.893869562526195e17
3.86	7.341555855504754e17
3.87	6.05676047340502e17
3.88	4.994027884074106e17
3.89	4.1155044558692774e17
3.9	3.3896898443093254e17
3.91	2.7903892562653325e17
3.92	2.2958350477447027e17
3.93	1.88795092363001e17
3.94	1.5517361114301338e17
3.95	1.2747503759279282e17
3.96	1.0466837140952195e17
3.97	8.589970947093686e16
3.98	7.0462274948612984e16
3.99	5.7771433808421944e16
4.0	4.734388461217851e16
4.01	3.8780337470615416e16
4.02	3.175110773862084e16
4.03	2.598414262829667e16
4.04	2.1255076943825196e16
4.05	1.737897983533629e16
4.06	1.4203509721415782e16
4.07	1.1603240955300624e16
4.08	9.474964780864948e15
4.09	7.733799807352229e15
4.1	6.309974615849792e15
4.11	5.14616803412752e15
4.12	4.195311789252593e15
4.13	3.418776269193191e15
4.14	2.7848735019381685e15
4.15	2.2676226206899485e15
4.16	1.845732386361237e15
4.17	1.501763086844728e15
4.18	1.221436581009576e15
4.19	9.930686180141462e14
4.2	8.071020187908995e14
4.21	6.557230069050071e14
4.22	5.325460464077709e14
4.23	4.3235509021639306e14
4.24	3.5089125207412994e14
4.25	2.8467866187677594e14
4.26	2.3088170950709556e14
4.27	1.8718807750276112e14
4.28	1.5171295055218306e14
4.29	1.2292060547312162e14
4.3	9.956025851296181e13
4.31	8.061360206016017e13
4.32	6.525192055520705e13
4.33	5.280105244944531e13
4.34	4.271277550557352e13
4.35	3.4541448185299914e13
4.36	2.7924949949569508e13
4.37	2.2569135966888145e13
4.38	1.8235163569019215e13
4.39	1.4729164250880447e13
4.4	1.1893830575229502e13
4.41	9.601565720084742e12
4.42	7.74890765538711e12
4.43	6.251992575310998e12
4.44	5.042865319759199e12
4.45	4.066479801843334e12
4.46	3.278261323542911e12
4.47	2.64212626534026e12
4.48	2.1288739275073127e12
4.49	1.7148810611893855e12
4.5	1.3810424970354136e12
4.51	1.1119117833883386e12
4.52	8.950043159020897e11
4.53	7.20232429068017e11
4.54	5.79447616815155e11
4.55	4.6606969095495953e11
4.56	3.7478646659925146e11
4.57	3.0131064132483746e11
4.58	2.421830393955506e11
4.59	1.9461342968768033e11
4.6	1.5635178259635825e11
4.61	1.2558417774354082e11
4.62	1.0084866838502667e11
4.63	8.096729702339922e10
4.64	6.499117819320612e10
4.65	5.215614991985425e10
4.66	4.184697040045384e10
4.67	3.3568421723953766e10
4.68	2.692199479581303e10
4.69	2.1587082772972378e10
4.7	1.7305815400618393e10
4.71	1.3870832739285784e10
4.72	1.1115431246322985e10
4.73	8.905624013832413e9
4.74	7.13374502490017e9
4.75	5.713298515172076e9
4.76	4.5748121176026945e9
4.77	3.6624990199387903e9
4.78	2.9315719815428095e9
4.79	2.3460824440852647e9
4.8	1.8771825113178103e9
4.81	1.5017273858185852e9
4.82	1.2011518414831092e9
4.83	9.605672130925322e8
4.84	7.680357919992546e8
4.85	6.13987909865021e8
4.86	4.907537586273295e8
4.87	3.9218744822270006e8
4.88	3.133651976121659e8
4.89	2.5034309416567838e8
4.9	1.9996270688835785e8
4.91	1.596951338656363e8
4.92	1.2751591145889162e8
4.93	1.0180469917376493e8
4.94	8.126484990846346e7
4.95	6.485893704592015e7
4.96	5.175708319340488e7
4.97	4.129555705750452e7
4.98	3.294360459161906e7
4.99	2.627688202719209e7
5.0	2.09561809134581e7
5.01	1.6710394313229684e7
5.02	1.3322881285529396e7
5.03	1.0620553749072382e7
5.04	8.46514382408305e6
5.05	6.746217276423147e6
5.06	5.375584950131974e6
5.07	4.282833262539812e6
5.08	3.4117503177969065e6
5.09	2.717468675870831e6
5.1	2.1641814684678214e6
5.11	1.7233171266317747e6
5.12	1.3720808786461072e6
5.13	1.0922895165030228e6
5.14	869440.6176566402
5.15	691969.1706342569
5.16	550653.9696225014
5.17	438143.68058067723
5.18	348578.5135997918
5.19	277288.26282744185
5.2	220551.33653843656
5.21	175402.48835465236
5.22	139479.4304410325
5.23	110900.48427687753
5.24	88167.00327047732
5.25	70085.56328038355
5.26	55705.92545673271
5.27	44271.58148990099
5.28	35180.33497963753
5.29	27952.8867226523
5.3	22207.802264669666
5.31	17641.567872687006
5.32	14012.702786447082
5.33	11129.104502472304
5.34	8837.970559195439
5.35	7017.77332348979
5.36	5571.870416196346
5.37	4423.418081178746
5.38	3511.322331936465
5.39	2787.0165625486916
5.4	2211.8972492621233
5.41	1755.2836018766213
5.42	1392.7943116695667
5.43	1105.0562908658042
5.44	876.6776296001092
5.45	695.4308051917939
5.46	551.6031795874239
5.47	437.4805837481809
5.48	346.936766942852
5.49	275.10704669088864
5.5	218.12892037554212
5.51	172.9359226179113
5.52	137.09381693771752
5.53	108.67044232284478
5.54	86.13231166341386
5.55	68.26247245761476
5.56	54.09526475613144
5.57	42.86450591400431
5.58	33.962343298581914
5.59	26.90658203422247
5.6	21.314744905669528
5.61	16.883479381607696
5.62	13.372211213769612
5.63	10.590170222091981
5.64	8.38609363493797
5.65	6.640055217316918
5.66	5.256981948851483
5.67	4.16151022033848
5.68	3.293905185996214
5.69	2.6068238415906717
5.7	2.0627476212120697
5.71	1.6319462223653596
5.72	1.290862892061908
5.73	1.0208340554536803
5.74	0.8070741510994791
5.75	0.6378708131006525
5.76	0.5039468728541884
5.77	0.39795464808527936
5.78	0.31407512560584366
5.79	0.24770030935713372
5.8	0.19518150050855726
5.81	0.1536298429557255
5.82	0.12075829707008304
5.83	0.09475644912082419
5.84	0.07419134419296242
5.85	0.05792894254434933
5.86	0.04507191929036263
5.87	0.03491041549154281
5.88	0.026883053097889596
5.89	0.02054608483282016
5.9	0.01554899318842602
5.91	0.0116152042316848
5.92	0.008526860929039828
5.93	0.006112822309140206
5.94	0.004239231024292277
5.95	0.0028021323109278773
5.96	0.0017217396219247636
5.97	0.0009380324181283707
5.98	0.0004074446778967879
5.99	0.00010046259881596937
6.0	0.0
